'./models/2objects.fbx' size: 18124 bytes
Kaydara FBX Binary  
Version: 7400


Geometry: 0
	Type: S
	15
	Cube
	6547010065627543
	shifted:6562754300000000
	Type: S
	5
	Mesh
	ababab006873654d
	shifted:6873654d00000000

Vertices: 0
	Type: d
	1.000000 1.000000 1.000000 
	1.000000 1.000000 -1.000000 
	1.000000 -1.000000 1.000000 
	1.000000 -1.000000 -1.000000 
	-1.000000 1.000000 1.000000 
	-1.000000 1.000000 -1.000000 
	-1.000000 -1.000000 1.000000 
	-1.000000 -1.000000 -1.000000 

PolygonVertexIndex: 0
	Type: i
	0 4 6 
	-3 3 2 
	6 -8 7 
	6 4 -6 
	5 1 3 
	-8 1 0 
	2 -4 5 
	4 0 -2 

Edges: 0
	Type: i
	0 1 2 
	3 4 6 
	7 10 11 
	12 13 16 

Normals: 0
	Type: d
	0.000000 0.000000 1.000000 
	0.000000 0.000000 1.000000 
	0.000000 0.000000 1.000000 
	0.000000 0.000000 1.000000 
	0.000000 -1.000000 0.000000 
	0.000000 -1.000000 0.000000 
	0.000000 -1.000000 0.000000 
	0.000000 -1.000000 0.000000 
	-1.000000 0.000000 0.000000 
	-1.000000 0.000000 0.000000 
	-1.000000 0.000000 0.000000 
	-1.000000 0.000000 0.000000 
	0.000000 0.000000 -1.000000 
	0.000000 0.000000 -1.000000 
	0.000000 0.000000 -1.000000 
	0.000000 0.000000 -1.000000 
	1.000000 0.000000 0.000000 
	1.000000 0.000000 0.000000 
	1.000000 0.000000 0.000000 
	1.000000 0.000000 0.000000 
	0.000000 1.000000 0.000000 
	0.000000 1.000000 0.000000 
	0.000000 1.000000 0.000000 
	0.000000 1.000000 0.000000 

UV: 0
	Type: d
	0.625000 0.750000 0.375000 
	0.750000 0.625000 0.500000 
	0.125000 0.500000 0.375000 
	0.500000 0.375000 1.000000 
	0.625000 1.000000 0.125000 
	0.750000 0.875000 0.750000 
	0.625000 0.000000 0.375000 
	0.000000 0.875000 0.500000 
	0.625000 0.250000 0.375000 
	0.250000 

UVIndex: 0
	Type: i
	2 11 8 
	0 1 0 
	6 5 10 
	9 12 13 
	3 4 1 
	7 4 2 
	0 1 13 
	12 2 4 

Geometry: 1
	Type: S
	19
	Cube.001
	3130302e65627543
	shifted:6562754300000000
	Type: S
	5
	Mesh
	ababab006873654d
	shifted:6873654d00000000

Vertices: 1
	Type: d
	-3.000000 1.000000 1.000000 
	-3.000000 1.000000 -1.000000 
	-5.000000 1.000000 -1.000000 
	-5.000000 -1.000000 -1.000000 

PolygonVertexIndex: 1
	Type: i
	2 1 -4 
	3 0 -3 
	1 2 -1 
	0 3 -2 

Edges: 1
	Type: i
	0 1 2 
	3 4 8 

Normals: 1
	Type: d
	0.000000 0.000000 -1.000000 
	0.000000 0.000000 -1.000000 
	0.000000 0.000000 -1.000000 
	-0.707107 0.000000 0.707107 
	-0.707107 0.000000 0.707107 
	-0.707107 0.000000 0.707107 
	0.000000 1.000000 0.000000 
	0.000000 1.000000 0.000000 
	0.000000 1.000000 0.000000 
	0.707107 -0.707107 0.000000 
	0.707107 -0.707107 0.000000 
	0.707107 -0.707107 0.000000 

UV: 1
	Type: d
	0.000000 0.000000 0.125000 
	0.500000 0.375000 0.500000 
	0.125000 0.750000 

UVIndex: 1
	Type: i
	1 2 3 
	3 0 1 
	2 1 0 
	0 3 2 